学号 姓名 班级 学院 登录密码 （换行）必修课 （换行）选修课
20160001    小红    16000001    计算机学院    11111111
00000001    00000002    00000003    00000006
10000001    10000009    10000007

20160002    小一    16000002    人文学院    11111111
00000003    00000001    00000005
10000004    10000002

20160003    小二    16000003    理学院    11111111
00000001    00000003
10000005    10000004    10000006

20160004    小四    16000004    经济管理学院    11111111
00000005    00000001    00000003
10000001    10000002

20160005     小五    16000005    信通学院    11111111
00000001    00000005    00000003    00000004
10000005    10000003
